493	194
528	893
405	310
856	441
909	167
910	90
865	961
368	277
802	511
88	701
364	894
776	918
5	369
407	340
448	145
241	358
641	345
381	421
148	84
48	267
702	971
656	498
341	807
211	258
508	943
693	309
510	399
903	747
843	277
517	246
520	177
480	857
785	768
978	922
34	333
265	168
371	901
434	43
321	693
55	943
481	914
723	964
528	197
417	574
118	97
597	243
433	978
658	838
230	860
195	720
994	477
629	797
222	904
305	90
169	855
672	209
855	692
926	502
72	636
929	162
467	25
475	545
249	138
491	634
654	25
731	482
177	184
602	174
789	849
696	635
89	185
114	155
554	81
180	79
608	585
491	835
765	408
165	507
874	588
767	24
716	10
774	278
755	883
914	21
604	148
108	338
44	576
977	178
748	780
54	779
301	990
667	358
177	323
20	372
448	108
762	12
388	996
353	663
588	369
882	472
29	44
129	499
935	158
425	561
291	481
875	165
451	353
637	335
57	925
551	538
9	118
793	179
75	18
368	384
528	165
703	35
990	886
898	354
558	281
670	797
203	438
196	67
397	365
693	136
595	627
863	735
439	174
22	120
740	274
678	527
210	37
124	225
330	133
884	611
597	156
564	905
374	5
240	655
968	870
231	815
418	625
355	736
776	753
942	632
995	518
927	566
24	308
876	926
365	222
162	418
751	763
591	169
258	546
393	110
760	528
263	192
715	379
797	921
613	385
333	462
324	290
536	458
748	223
173	951
604	109
840	458
770	202
324	594
434	299
667	229
369	911
945	814
841	556
609	126
461	492
839	918
380	587
373	751
2	280
625	975
418	78
507	481
744	469
741	183
738	610
171	558
919	136
569	669
792	817
476	3
843	805
505	989
118	525
945	785
88	93
102	251
939	708
7	713
366	385
791	996
919	900
236	534
429	501
164	898
996	525
313	548
458	544
501	374
950	116
809	692
152	976
655	710
499	276
759	359
503	425
278	622
924	460
619	145
721	796
372	552
729	893
5	661
335	537
648	30
737	259
16	4
695	415
863	308
183	961
888	224
329	224
695	185
813	751
596	946
733	720
422	228
908	349
124	58
686	629
943	864
89	607
371	5
289	261
588	578
554	376
893	822
470	876
564	951
966	760
130	903
917	917
838	985
96	801
841	270
162	606
60	297
572	363
21	339
210	695
153	139
864	69
707	566
715	249
955	647
28	45
402	819
287	128
593	27
242	660
825	703
169	138
924	492
270	476
859	65
413	31
50	940
958	179
366	252
388	449
926	602
498	184
943	169
997	651
889	487
629	818
255	255
405	100
660	229
81	62
665	269
71	699
891	104
599	535
769	452
628	369
963	262
652	325
781	711
236	932
499	912
557	329
487	691
635	912
790	152
555	628
409	521
676	133
248	507
383	437
520	561
401	262
636	582
927	738
361	23
296	805
972	507
886	907
63	888
390	338
696	827
392	12
786	83
536	123
316	146
298	752
744	865
237	395
255	135
758	505
599	462
893	700
742	835
364	157
8	344
676	630
37	887
74	223
710	125
79	904
413	456
349	830
740	791
173	907
742	348
757	118
882	768
134	724
879	756
116	138
969	520
423	25
360	578
935	180
753	580
772	56
590	370
587	424
801	294
476	229
503	802
824	86
743	306
977	650
617	995
561	63
555	492
708	117
623	679
290	597
144	12
148	559
379	155
208	557
683	675
752	450
220	476
116	565
529	141
624	24
938	939
496	464
61	320
199	352
20	707
415	454
639	281
219	650
64	159
945	919
181	931
243	855
531	831
780	415
861	56
880	532
172	257
308	952
280	847
68	501
13	505
539	277
73	655
517	316
785	987
41	730
660	832
162	521
743	357
956	983
159	670
980	240
469	208
761	508
627	863
246	32
901	630
617	700
787	473
637	168
707	930
652	516
91	191
273	10
724	205
249	666
530	107
729	746
415	125
987	840
832	930
90	990
424	957
237	192
616	373
129	900
128	313
998	551
286	908
91	792
893	864
350	27
266	410
284	93
392	474
326	383
587	750
980	705
193	730
956	484
517	246
51	891
901	667
940	287
459	91
102	398
568	452
655	568
108	385
367	701
27	150
911	78
945	965
384	614
278	650
944	269
53	463
232	442
550	117
433	873
99	480
68	656
168	349
512	346
115	834
486	15
211	338
449	785
430	77
914	370
674	936
999	311
220	245
731	523
343	18
281	817
5	126
586	835
537	206
462	384
140	579
47	861
150	676
105	363
485	280
437	184
633	840
989	653
432	181
522	268
309	438
65	99
322	731
620	521
959	891
628	196
131	574
996	533
95	872
465	745
114	171
534	804
175	375
308	172
131	297
151	327
666	486
307	314
873	938
573	288
750	449
342	643
979	864
186	818
930	17
479	190
858	26
9	90
808	601
354	239
737	990
199	562
91	605
525	675
660	582
514	203
730	531
401	208
441	653
397	271
683	723
718	608
185	241
746	223
728	73
722	364
351	688
845	712
860	703
515	746
711	12
303	549
791	253
536	648
8	9
241	571
181	483
851	576
234	755
972	789
987	203
889	717
136	483
343	989
10	377
167	866
591	137
208	157
585	228
999	423
148	352
321	567
750	76
793	733
850	582
812	226
973	779
322	454
41	203
599	894
79	614
175	832
647	767
905	692
196	611
10	441
555	982
978	72
993	627
588	449
668	317
62	545
26	934
665	221
566	43
850	525
41	763
671	263
988	635
261	103
860	679
430	937
702	502
584	939
378	226
504	929
973	459
30	174
14	552
354	275
330	289
76	600
882	459
401	357
842	889
617	731
389	179
534	723
772	118
775	35
981	152
746	545
16	310
64	325
877	900
657	199
745	295
521	962
544	635
731	492
884	781
849	618
515	748
70	813
935	640
290	235
606	831
253	460
570	432
199	770
355	702
907	771
24	619
180	207
805	78
640	928
470	778
817	442
586	101
362	761
187	610
527	945
65	979
653	215
126	694
680	314
868	250
635	4
403	647
226	155
879	720
196	598
613	166
357	990
310	754
103	148
365	774
736	873
370	784
358	5
681	412
63	855
637	549
662	54
645	376
215	26
544	182
916	226
973	420
360	555
76	816
784	369
352	145
658	109
789	683
109	147
222	182
432	799
304	35
255	172
411	803
527	408
398	43
115	119
57	775
527	283
966	786
577	861
65	655
96	155
871	760
365	253
394	816
606	517
42	551
201	891
312	346
70	858
292	76
37	179
158	461
838	739
889	60
391	692
275	628
856	373
34	33
146	111
977	318
462	749
623	437
235	190
777	890
903	955
237	92
214	111
663	584
769	72
161	515
77	289
27	428
748	97
555	613
17	572
782	148
429	59
860	874
774	826
601	966
847	863
447	159
123	386
161	389
43	37
203	611
687	73
485	995
369	106
454	197
165	144
365	694
964	524
771	745
632	307
309	444
362	346
485	434
367	982
159	240
777	334
281	926
546	40
260	725
835	516
200	631
386	241
859	975
810	234
713	350
484	845
608	711
228	528
427	416
990	880
190	549
399	911
833	347
240	193
341	941
157	395
723	919
108	425
972	205
457	331
235	286
375	67
543	67
736	869
500	358
189	995
697	432
777	300
421	955
135	521
739	489
765	676
12	583
264	133
699	282
206	794
651	932
987	426
37	555
979	774
254	447
95	556
605	141
602	202
219	116
227	931
386	83
13	497
792	494
369	928
613	739
981	115
239	757
766	349
63	820
409	821
852	311
144	631
854	744
560	931
829	154
854	973
512	545
546	552
1	677
227	231
805	381
194	490
553	764
691	217
976	827
734	392
842	131
92	279
783	412
877	117
393	735
534	273
558	157
239	268
604	714
955	582
112	666
905	131
959	278
255	82
717	474
198	690
460	422
152	321
132	367
310	131
273	802
942	707
882	540
514	713
846	897
444	136
401	735
789	99
692	110
37	27
514	614
84	975
350	133
367	729
130	483
734	841
379	84
595	936
288	890
949	675
537	780
162	994
861	936
51	308
483	712
705	753
466	75
605	548
468	763
925	226
901	854
707	859
9	339
47	724
100	507
141	295
91	322
265	648
687	992
327	652
610	361
927	968
450	29
477	531
458	444
7	921
16	954
519	814
449	411
368	571
776	139
862	519
638	364
806	77
12	157
868	758
260	436
988	243
957	608
768	466
860	341
808	90
15	468
335	820
382	654
18	832
899	518
996	465
544	696
620	910
7	634
440	990
268	29
667	975
679	440
137	588
86	9
860	696
16	72
231	515
291	659
295	152
863	288
834	8
244	346
535	471
509	466
493	256
584	537
840	568
661	152
942	436
692	541
175	8
932	522
259	342
502	99
957	679
480	716
909	576
941	685
612	411
465	291
520	57
43	636
679	74
27	318
193	337
547	500
38	358
961	702
246	161
90	412
47	648
643	800
777	709
985	701
534	767
624	775
333	227
817	408
165	888
924	308
974	556
53	642
508	997
507	32
549	296
139	898
194	400
115	558
226	43
227	447
849	599
30	459
871	332
637	579
677	718
805	240
11	802
87	300
741	986
69	20
724	15
221	232
